,A,B,C,D,E,F
A,0,23,17,34,44,19
B,23,0,20,37,31,38
C,17,20,0,17,27,18
D,34,37,17,0,10,23
E,44,31,27,10,0,31
F,19,38,18,23,31,0